random
(0,0)(0,1) (0,2) (0,3) (1,3) (1,4) (1,5) (2,5) (2,4) (3,4) (3,5) (3,6) (3,7) (3,8) (4,8) (4,9) (5,9) (5,10) (6,10) (6,9) (7,9) (7,8) (7,7) (7,6) (7,5) (8,5) (9,5) (9,4) (10,4) (10,3) (11,3) (12,3) (13,3) (13,4) (13,5) (13,6) (12,6) (12,7) (12,8) (11,8) (11,9) (11,10) (11,11) (11,12) (11,13) (11,14) (12,14) (13,14) (14,14)
DFS Solution----
(0,0)(0,1) (0,2) (0,3) (0,4) (0,5) (0,6) (0,7) (0,8) (0,9) (0,10) (0,11) (0,12) (0,13) (0,14) (1,14) (2,14) (3,14) (3,13) (3,12) (3,11) (3,10) (3,9) (3,8) (3,7) (3,6) (3,5) (3,4) (3,3) (3,2) (3,1) (3,0) (4,0) (5,0) (5,1) (5,2) (5,3) (5,4) (5,5) (5,6) (5,7) (5,8) (6,8) (6,9) (6,10) (6,11) (7,11) (7,12) (7,13) (8,13) (8,14) (9,14) (10,14) (11,14) (11,13) (11,12) (11,11) (11,10) (11,9) (11,8) (11,7) (11,6) (11,5) (11,4) (11,3) (11,2) (11,1) (11,0) (12,0) (13,0) (13,1) (13,2) (13,3) (13,4) (13,5) (13,6) (14,6) (14,7) (14,8) (14,9) (14,10) (14,11) (14,12) (14,13) (14,14)
------Stack Usage Statistics ---------
	pushCount = 317
	popCount = 223
	maxSize = 95
------Stack Usage Statistics ---------

Expanding Array
Expanding ArrayBFS Solution------
(0,0)(1,0) (1,1) (2,1) (3,1) (4,1) (5,1) (6,1) (7,1) (8,1) (9,1) (10,1) (11,1) (12,1) (13,1) (13,2) (13,3) (14,3) (14,4) (14,5) (14,6) (14,7) (14,8) (14,9) (14,10) (14,11) (14,12) (14,13) (14,14)
----------Circular Array Usage Statistics ----------
	PushCount = 224
	PopCount = 226
	Max Array Size used = 15
----------Circular Array Usage Statistics ----------
15 15
+-+-+-+-+-+-+-+-+-+-+-+-+-+-+-+
|*  |                         |
+   +                         +
|                             |
+   +     +               +   +
|   |     |               |   |
+   +   +-+ +-+   +-+     + +-+
|                             |
+       +                     +
|       |                     |
+       +     +     +         +
|             |     |         |
+         + + + +-+ +   +     +
|         | |       |   |     |
+   +-+ +-+ +     +-+   + +-+ +
|     | | |               |   |
+     + + +           +   +   +
|                     |   |   |
+         +-+         +   +   +
|                             |
+       +     + +   +         +
|       |     | |   |         |
+       +   + + +-+ +   +     +
|           |     |     |     |
+           +-+   +     +-+-+ +
|                             |
+         +   +     +         +
|         |   |     |         |
+   +-+   + +-+ +   +-+   +-+ +
|               |            X|
+-+-+-+-+-+-+-+-+-+-+-+-+-+-+-+
